7 6 4 6 2 9 4 8 10 4 10 3 7 10 2 9 4 1 7 4 5 9 9 7 9 6 5 10 8 4 7 10 5 3 3 1 6 7 6 1 5 7 7 7 7 2 3 5 10 8 4 8 7 5 8 6 8 6 7 9 3 10 6 6 8 1 5 8 5 9 9 5 8 8 4 6 6 3 1 2 1 2 9 2 10 9 9 6 5 7 9 10 5 8 2 7 4 1 4 7 
37
7 6 4 6 2 9 4 8 10 4 10 3 7 10 2 9 4 1 7 4 5 9 9 7 9 6 5 10 8 4 7 10 5 3 3 1 6 7 6 1 5 7 7 7 7 2 3 5 10 8 4 8 7 5 8 6 8 6 7 9 3 11 8 9 12 6 11 15 13 18 19 16 20 21 18 21 22 20 19 21 21 23 31 2 10 9 9 6 5 7 9 10 5 8 2 7 4 1 4 7 
7 6 4 6 2 9 4 8 10 4 10 3 7 10 2 9 4 1 7 4 5 9 9 7 9 6 5 10 8 4 7 10 5 3 3 1 6 7 6 1 5 7 7 7 7 2 3 5 10 8 4 8 7 5 8 6 8 6 7 9 3 11 8 9 12 6 11 15 13 18 19 17 22 24 22 26 28 27 27 30 31 34 43 15 24 24 25 23 23 26 29 31 27 31 26 32 4 1 4 7 
7 6 4 6 2 9 4 8 10 4 10 3 7 10 2 9 4 1 7 5 7 12 13 12 15 13 13 19 18 15 19 23 19 18 19 18 24 26 26 22 27 30 31 32 33 29 31 34 40 39 36 41 41 40 44 43 46 45 47 50 45 54 52 54 58 53 59 64 63 69 71 70 76 79 78 83 86 86 87 91 93 34 43 15 24 24 25 23 23 26 29 31 27 31 26 32 4 1 4 7 
335
7 6 4 6 2 9 4 8 10 4 10 3 7 10 2 9 4 1 7 5 7 12 13 12 15 13 13 19 18 15 19 23 19 18 19 18 24 26 26 22 27 30 31 32 33 29 31 34 40 39 36 41 41 40 44 43 46 45 47 50 45 54 52 54 58 53 59 64 63 70 73 73 80 84 84 90 94 95 97 91 93 34 43 15 24 24 25 23 23 26 29 31 27 31 26 32 4 1 4 7 
7 6 4 6 2 9 4 8 10 4 10 3 7 10 2 9 4 1 7 5 7 12 13 12 15 13 13 19 18 15 19 23 19 18 19 18 24 26 26 22 27 30 31 32 33 29 31 34 40 39 36 41 41 40 44 43 46 45 47 51 47 57 56 59 64 60 67 73 73 81 85 86 94 99 100 107 112 114 117 112 115 57 67 40 50 51 25 23 23 26 29 31 27 31 26 32 4 1 4 7 
7 6 4 6 2 9 4 8 10 4 10 3 7 10 2 9 4 1 7 5 7 12 13 12 15 13 13 19 18 15 19 23 19 18 19 18 24 26 26 22 27 30 31 32 33 29 31 34 40 39 36 41 41 40 44 43 46 45 47 51 47 57 56 59 64 60 67 73 73 81 85 86 94 99 100 107 112 114 117 112 115 57 67 40 50 51 25 23 23 26 29 31 27 31 27 34 7 5 4 7 
72
7 6 4 6 2 9 4 8 10 4 10 3 7 10 2 9 4 1 7 5 7 12 13 12 15 13 13 19 18 15 19 23 19 18 19 18 24 26 26 22 27 30 31 32 34 31 34 38 45 45 43 49 50 50 55 55 59 59 62 67 64 75 75 79 85 82 67 73 73 81 85 86 94 99 100 107 112 114 117 112 115 57 67 40 50 51 25 23 23 26 29 31 27 31 27 34 7 5 4 7 
3384
3375
7 6 4 6 2 9 4 8 10 4 10 3 7 10 2 9 4 1 7 5 7 12 13 12 15 13 13 19 18 15 19 23 19 18 19 18 24 26 26 22 27 30 31 32 34 31 34 38 45 45 43 49 50 50 55 55 59 59 62 67 64 75 75 79 85 82 67 73 73 82 87 89 98 104 106 114 120 123 127 123 115 57 67 40 50 51 25 23 23 26 29 31 27 31 27 34 7 5 4 7 
1622
267
1222
246
7 6 4 6 2 9 4 8 10 4 10 3 7 10 2 9 4 1 7 5 7 12 13 12 15 13 13 19 18 15 19 23 19 18 19 18 24 26 26 22 27 30 31 32 34 31 34 38 45 45 43 49 50 50 55 55 59 59 62 67 64 75 75 79 85 82 67 73 73 82 87 89 98 104 106 114 120 123 127 124 117 60 71 45 50 51 25 23 23 26 29 31 27 31 27 34 7 5 4 7 
126
7 6 4 6 2 9 4 8 10 4 10 3 7 10 2 9 4 1 7 5 7 12 13 12 15 13 13 19 18 15 19 23 19 18 19 18 24 26 26 22 27 30 31 32 34 31 34 38 45 45 43 49 50 50 55 55 59 59 62 67 64 75 75 79 85 82 67 73 73 82 87 89 98 104 106 114 120 123 127 124 117 60 71 45 50 52 27 26 27 31 35 38 35 40 37 45 19 18 18 22 
2309
45
7 6 4 6 2 9 4 8 10 4 10 3 7 10 2 9 4 1 7 5 7 12 13 12 15 13 13 19 18 15 19 23 19 18 19 18 24 26 26 22 27 30 31 32 34 31 34 38 45 45 43 49 50 50 55 55 59 59 62 67 64 75 75 79 85 82 67 73 73 82 87 89 98 104 106 114 120 123 127 124 117 60 71 45 50 52 27 26 27 31 35 38 35 40 37 45 19 19 20 25 
2557
3199
7 6 4 6 2 9 4 8 10 4 10 3 7 10 2 9 4 1 7 5 7 12 13 12 15 13 13 19 18 15 19 23 19 18 19 18 24 26 26 22 27 30 31 32 34 31 34 38 45 45 43 49 50 50 55 55 59 59 62 67 64 75 75 79 85 82 67 73 73 82 87 89 98 104 106 115 122 126 131 129 123 67 79 54 60 63 39 39 41 46 51 55 35 40 37 45 19 19 20 25 
694
2052
7 6 4 6 2 9 4 8 10 4 10 3 7 10 2 9 4 1 7 5 7 12 13 12 15 13 13 19 18 15 19 23 19 18 19 18 24 26 26 22 27 30 32 34 37 35 39 44 52 53 52 59 61 62 68 69 74 75 79 85 83 95 96 101 108 106 92 99 100 110 116 119 129 136 139 149 157 162 168 167 162 107 120 96 103 107 84 85 41 46 51 55 35 40 37 45 19 19 20 25 
7 6 4 6 2 9 4 8 10 4 10 3 7 10 2 9 5 3 10 9 12 18 20 20 24 23 24 31 31 29 34 39 36 36 38 38 45 48 49 46 52 56 59 62 66 65 70 76 85 87 87 95 98 100 107 109 115 117 122 129 128 141 143 149 157 156 143 151 153 164 171 175 186 194 198 209 218 162 168 167 162 107 120 96 103 107 84 85 41 46 51 55 35 40 37 45 19 19 20 25 
4090
7 6 4 6 2 9 4 8 10 4 10 3 7 10 2 9 5 3 10 10 14 21 24 25 30 30 24 31 31 29 34 39 36 36 38 38 45 48 49 46 52 56 59 62 66 65 70 76 85 87 87 95 98 100 107 109 115 117 122 129 128 141 143 149 157 156 143 151 153 164 171 175 186 194 198 209 218 162 168 167 162 107 120 96 103 107 84 85 41 46 51 55 35 40 37 45 19 19 20 25 
231
7 6 4 6 2 9 4 8 10 4 10 3 7 10 2 9 5 3 10 10 14 21 24 25 30 30 24 31 31 29 34 39 36 36 38 38 45 48 49 46 52 56 59 62 66 65 70 76 85 87 87 95 98 100 107 109 115 117 122 129 128 141 143 149 157 156 143 151 153 164 171 175 186 194 198 209 218 162 168 167 162 107 120 96 103 107 84 85 41 46 51 56 35 40 37 45 19 19 20 25 
7 6 4 6 2 9 4 8 10 4 10 3 7 10 2 9 5 3 10 10 14 21 24 25 30 30 24 31 31 29 34 39 36 36 38 38 45 48 49 46 52 56 59 62 66 65 70 76 85 87 87 95 98 100 107 109 115 117 122 129 128 141 143 149 157 156 143 151 153 164 171 175 186 194 198 209 218 162 169 169 165 111 125 102 110 115 84 85 41 46 51 56 35 40 37 45 19 19 20 25 
1076
7 6 4 6 2 9 4 8 10 4 10 3 7 10 2 9 5 3 10 10 14 21 24 25 30 30 24 31 31 29 34 39 36 36 38 38 45 48 49 46 52 56 59 62 66 65 70 76 85 87 87 95 98 100 107 109 115 117 122 129 128 141 143 149 157 156 143 151 153 164 171 175 186 194 198 209 218 162 169 169 165 111 125 102 111 117 87 89 46 52 58 64 44 50 48 45 19 19 20 25 
7 6 4 6 2 9 4 8 10 4 10 3 7 10 2 9 5 3 10 10 14 21 24 25 30 30 24 31 31 29 34 39 36 36 38 38 45 48 49 46 52 56 59 62 66 65 70 76 85 87 87 95 98 100 107 109 115 117 123 131 128 141 143 149 157 156 143 151 153 164 171 175 186 194 198 209 218 162 169 169 165 111 125 102 111 117 87 89 46 52 58 64 44 50 48 45 19 19 20 25 
3691
7 6 4 6 2 9 4 8 10 4 10 3 7 10 2 9 5 3 10 10 14 21 24 25 30 30 24 31 31 29 34 39 36 36 38 38 45 48 49 46 52 56 59 62 66 65 70 76 85 87 87 95 98 100 107 110 117 120 127 136 134 141 143 149 157 156 143 151 153 164 171 175 186 194 198 209 218 162 169 169 165 111 125 102 111 117 87 89 46 52 58 64 44 50 48 45 19 19 20 25 
1321
5248
7 6 4 6 2 9 4 8 10 4 10 3 7 10 2 9 5 3 10 10 14 21 24 25 30 30 24 31 31 29 34 39 36 36 38 38 45 48 49 46 52 56 59 62 66 65 70 76 85 87 87 95 98 100 107 110 117 120 127 136 134 141 143 149 157 156 143 151 153 164 171 175 186 194 198 209 218 162 169 169 165 111 125 102 111 118 89 92 50 57 58 64 44 50 48 45 19 19 20 25 
7 6 4 6 2 9 4 8 10 4 10 3 7 10 2 9 5 3 10 10 14 21 24 25 30 30 24 31 31 29 34 39 36 36 38 38 45 48 49 46 52 56 59 62 66 65 70 76 85 87 87 95 98 100 107 110 117 120 127 136 134 141 143 149 157 156 143 151 153 164 171 175 186 194 198 209 219 164 172 173 170 117 132 110 111 118 89 92 50 57 58 64 44 50 48 45 19 19 20 25 
5554
7 6 4 6 2 9 4 8 10 4 10 3 7 10 2 9 5 3 10 10 14 21 24 25 30 30 24 31 31 29 34 39 36 36 38 38 45 48 49 46 52 56 59 62 66 65 70 76 85 87 87 95 98 100 107 110 117 120 127 136 134 141 143 149 157 156 143 151 153 164 171 175 186 194 198 209 220 166 175 177 175 123 139 118 120 128 100 104 63 71 73 80 61 68 67 65 19 19 20 25 
724
7 6 4 6 2 9 4 8 10 4 10 3 7 10 2 9 5 3 10 10 14 21 24 25 30 30 24 31 31 29 34 39 36 36 38 38 45 48 49 46 52 56 59 62 66 65 70 76 85 87 87 95 98 100 107 110 117 120 127 136 134 141 143 149 157 156 143 152 155 167 175 180 192 201 198 209 220 166 175 177 175 123 139 118 120 128 100 104 63 71 73 80 61 68 67 65 19 19 20 25 
7 6 4 6 2 9 4 8 10 4 10 3 7 10 2 9 5 3 11 12 17 25 29 31 37 38 33 41 42 41 47 53 51 52 55 56 64 68 70 68 75 80 84 88 93 93 99 106 116 119 120 129 133 136 144 148 156 160 168 178 177 185 188 195 204 204 192 202 206 219 228 234 247 257 255 267 279 226 236 239 238 187 204 184 187 196 169 174 134 143 146 154 136 144 144 143 98 99 20 25 
900
7 6 4 6 2 9 4 8 10 4 10 3 7 10 2 9 5 3 11 12 17 25 29 31 37 38 33 41 42 41 47 53 51 52 55 56 64 68 70 68 75 80 84 88 93 93 99 106 116 119 120 129 133 136 144 148 156 160 168 178 178 187 191 199 204 204 192 202 206 219 228 234 247 257 255 267 279 226 236 239 238 187 204 184 187 196 169 174 134 143 146 154 136 144 144 143 98 99 20 25 
7 6 4 6 2 9 4 8 10 4 10 3 7 10 2 9 5 3 12 14 17 25 29 31 37 38 33 41 42 41 47 53 51 52 55 56 64 68 70 68 75 80 84 88 93 93 99 106 116 119 120 129 133 136 144 148 156 160 168 178 178 187 191 199 204 204 192 202 206 219 228 234 247 257 255 267 279 226 236 239 238 187 204 184 187 196 169 174 134 143 146 154 136 144 144 143 98 99 20 25 
7346
7 6 4 6 2 9 4 8 10 4 10 3 7 10 2 9 5 3 12 14 17 25 29 31 37 38 33 41 42 41 47 53 51 52 55 56 64 68 70 68 75 80 84 88 93 93 99 106 116 119 120 129 133 136 144 148 156 160 168 178 178 187 191 199 204 204 192 202 206 219 228 234 247 257 255 267 279 226 236 239 238 187 204 184 187 196 169 174 134 143 146 154 137 146 147 143 98 99 20 25 
7 6 4 6 2 9 4 8 10 4 10 3 7 10 2 9 5 3 12 14 17 25 29 31 37 38 33 41 42 41 47 53 51 52 55 56 64 68 70 68 75 80 84 88 93 93 99 106 116 119 120 129 133 136 144 148 156 160 168 178 178 187 191 199 204 204 192 202 206 219 229 236 250 261 260 273 286 234 245 249 249 199 217 198 202 196 169 174 134 143 146 154 137 146 147 143 98 99 20 25 
8479
7363
7 6 4 6 2 9 4 8 10 4 10 3 7 10 2 9 5 3 12 14 17 25 29 31 37 38 33 41 42 41 47 53 51 52 55 56 64 68 70 68 75 80 84 88 93 93 99 106 116 119 120 129 133 137 146 151 160 165 174 185 186 196 201 210 216 217 206 217 222 236 247 255 270 282 282 296 310 259 271 276 277 228 247 229 234 229 169 174 134 143 146 154 137 146 147 143 98 99 20 25 
7 6 4 6 2 9 4 8 10 4 10 3 7 10 2 9 5 3 12 14 17 25 29 31 37 38 33 41 42 41 47 53 51 52 55 56 64 68 70 68 75 80 84 88 93 93 99 106 116 119 120 129 133 137 146 151 160 165 174 185 186 196 201 210 216 217 206 217 223 238 250 259 275 288 289 304 319 269 282 288 290 228 247 229 234 229 169 174 134 143 146 154 137 146 147 143 98 99 20 25 
7 6 4 6 2 9 4 8 10 4 10 3 7 10 2 9 5 3 12 14 17 25 29 31 37 38 33 41 42 41 47 53 51 52 55 56 64 68 70 69 77 83 88 93 99 100 107 115 126 130 132 142 147 152 162 168 178 184 194 206 208 219 225 235 242 244 234 246 253 269 282 292 309 323 325 341 357 308 322 329 332 271 291 274 280 276 217 223 184 194 198 207 191 201 203 200 156 158 80 25 
7 6 4 6 2 9 4 8 10 4 10 3 7 10 2 9 5 3 12 14 17 25 29 31 37 38 33 41 42 41 47 53 51 52 55 56 64 68 70 69 77 83 88 93 99 100 107 115 126 130 132 142 147 152 162 168 178 184 194 206 208 220 227 238 246 249 240 253 261 278 292 303 321 336 339 356 373 325 322 329 332 271 291 274 280 276 217 223 184 194 198 207 191 201 203 200 156 158 80 25 
7 6 4 6 2 9 4 8 10 4 10 3 7 10 2 9 5 3 12 14 17 25 29 31 37 38 33 41 42 41 47 53 51 52 55 56 64 68 70 69 77 83 88 93 99 100 107 115 126 130 132 142 147 152 162 168 178 184 194 206 208 220 227 238 246 249 240 253 261 278 292 303 321 336 339 356 373 325 322 329 332 271 291 274 280 276 217 223 184 194 198 207 191 201 203 200 156 158 80 26 
10614
7 6 4 6 2 9 4 8 10 4 10 3 7 10 2 9 5 3 12 14 17 25 29 31 37 38 33 41 42 41 47 53 51 52 55 56 64 68 70 69 77 83 88 93 99 100 107 115 126 130 132 142 147 152 162 168 178 184 194 206 208 220 227 238 246 249 240 253 261 278 292 303 321 336 339 356 373 325 322 329 332 271 291 274 280 276 217 223 184 194 198 207 191 201 203 200 156 158 81 28 
339
7 6 4 6 2 9 4 8 10 4 10 3 7 10 2 9 5 3 12 14 17 25 30 33 40 42 38 47 49 49 56 63 62 64 68 70 79 84 87 87 96 103 109 115 122 124 132 141 153 158 161 172 178 184 195 202 213 220 231 244 247 260 268 280 289 293 285 299 308 326 341 303 321 336 339 356 373 325 322 329 332 271 291 274 280 276 217 223 184 194 198 207 191 201 203 200 156 158 81 28 
7 6 4 6 2 9 4 8 10 4 10 3 7 10 2 9 5 3 12 14 18 27 33 37 45 48 45 55 58 59 67 75 75 78 83 86 96 102 106 107 117 125 132 139 147 150 159 169 182 188 192 204 211 218 230 238 250 258 270 284 288 302 311 324 334 339 332 347 357 376 392 355 374 390 394 412 430 383 381 389 393 333 354 338 345 342 217 223 184 194 198 207 191 201 203 200 156 158 81 28 
7 6 4 6 2 9 4 8 10 4 10 3 7 10 2 9 5 3 12 14 18 27 33 37 45 48 45 55 58 59 67 75 75 79 85 89 100 107 112 114 125 134 142 150 159 163 173 184 198 205 210 223 231 239 252 261 274 283 296 284 288 302 311 324 334 339 332 347 357 376 392 355 374 390 394 412 430 383 381 389 393 333 354 338 345 342 217 223 184 194 198 207 191 201 203 200 156 158 81 28 
7 6 4 6 2 9 4 8 10 4 10 3 7 10 2 9 5 3 12 14 18 27 33 37 45 48 45 55 58 59 67 75 75 79 85 89 100 107 112 114 125 134 142 150 159 163 173 184 198 205 210 223 231 239 252 261 274 283 296 284 288 302 311 324 334 339 332 347 357 376 392 355 374 390 394 412 430 383 381 389 393 333 355 340 348 346 222 229 191 202 207 217 202 213 216 214 171 174 81 28 
7 6 4 6 2 9 4 8 10 4 10 3 7 10 2 9 5 3 12 14 18 27 33 37 45 48 45 55 58 59 67 75 75 79 85 89 100 107 112 114 125 134 142 150 159 163 173 184 198 205 210 223 231 239 253 263 277 287 296 284 288 302 311 324 334 339 332 347 357 376 392 355 374 390 394 412 430 383 381 389 393 333 355 340 348 346 222 229 191 202 207 217 202 213 216 214 171 174 81 28 
1822
7 6 4 6 2 9 4 8 10 4 10 3 7 10 2 9 5 3 12 14 19 29 36 41 50 54 52 63 67 69 78 87 88 93 100 105 117 125 131 134 146 156 165 174 184 189 200 212 227 235 241 255 264 273 288 299 314 325 335 324 329 344 354 368 379 385 379 395 406 426 443 407 427 444 449 468 487 441 440 449 454 395 418 404 413 412 289 297 260 272 278 289 202 213 216 214 171 174 81 28 
34
7 6 4 6 2 9 4 8 10 4 10 3 7 10 2 9 5 3 12 14 19 29 36 42 52 57 56 68 73 76 86 96 98 104 112 118 131 140 147 151 164 175 185 195 206 212 224 237 253 262 269 255 264 273 288 299 314 325 335 324 329 344 354 368 379 385 379 395 406 426 443 407 427 444 449 468 487 441 440 449 454 395 418 404 413 412 289 297 260 272 278 289 202 213 216 214 171 174 81 28 
7 6 4 6 2 9 4 8 10 4 10 3 7 10 2 9 5 3 12 14 19 29 36 42 52 57 56 68 73 76 86 96 98 104 112 118 131 140 147 151 164 175 185 195 206 212 224 237 253 262 269 255 264 273 288 299 314 325 335 324 329 344 354 368 379 386 381 398 410 431 449 414 435 453 459 479 499 454 454 464 470 412 436 423 433 433 311 320 284 297 304 289 202 213 216 214 171 174 81 28 
7 6 4 6 2 9 4 8 10 4 10 3 7 10 2 9 5 3 12 14 19 29 36 42 52 57 56 68 73 76 86 96 98 104 112 118 131 140 147 151 164 175 185 195 206 212 224 237 253 262 269 255 265 275 291 303 319 331 342 332 338 354 365 380 392 400 396 414 427 449 468 434 456 475 482 503 524 480 481 492 499 442 467 455 466 467 346 356 321 335 343 329 243 255 259 258 216 174 81 28 
2637
7 6 4 6 2 9 4 8 10 4 10 3 7 10 2 9 5 3 12 14 19 29 36 42 52 57 56 68 73 76 86 96 98 104 112 118 131 140 147 151 164 175 185 195 206 212 224 237 253 262 269 255 265 275 291 303 319 331 342 332 338 354 365 380 392 400 396 414 427 449 468 434 456 475 482 503 524 480 481 492 499 442 467 456 468 470 350 361 327 342 351 338 253 266 271 271 216 174 81 28 
13235
7 6 4 6 2 9 4 8 10 4 10 3 7 10 2 9 5 3 12 14 19 29 36 42 52 57 56 68 73 76 86 96 98 104 112 118 131 140 147 151 164 175 185 195 206 212 224 237 253 262 269 255 265 275 291 303 319 331 342 332 338 354 365 380 392 400 396 414 427 449 468 434 456 475 482 503 524 480 481 492 499 442 467 456 468 470 350 361 327 342 351 339 253 266 271 271 216 174 81 28 
20009
3626
9137
566
7 6 4 6 2 9 4 8 10 4 10 3 7 10 2 9 5 3 12 14 19 29 36 42 52 57 56 68 73 76 86 96 98 104 112 118 131 140 147 151 164 175 185 195 206 212 224 237 253 262 269 255 265 275 291 303 319 331 342 332 338 354 365 380 392 400 396 414 427 449 468 434 456 475 482 503 524 480 481 492 499 442 467 457 470 473 354 366 333 349 359 348 263 277 283 284 230 189 97 28 
7 6 4 6 2 9 4 8 10 4 10 3 7 10 2 9 5 3 12 14 19 29 36 42 52 57 56 68 73 76 86 96 98 104 112 118 131 140 147 151 164 175 185 195 206 212 224 237 253 262 269 255 265 275 291 303 319 331 342 332 338 354 365 380 392 400 396 414 427 449 468 434 456 475 482 503 524 480 481 492 499 442 467 457 470 473 354 366 334 351 362 352 268 283 290 292 230 189 97 28 
3323
47
7 6 4 6 2 9 4 8 10 4 10 3 7 10 2 9 5 3 12 14 19 29 36 42 52 57 56 68 73 76 86 96 98 104 112 118 131 140 147 151 164 175 185 195 206 212 224 237 253 262 269 255 265 275 291 303 319 331 342 332 338 354 365 380 392 400 396 414 427 450 470 437 460 480 488 510 532 489 491 503 511 442 467 457 470 473 354 366 334 351 362 352 268 283 290 292 230 189 97 28 
7 6 4 6 2 9 4 8 10 4 10 3 7 10 2 9 5 3 12 14 19 29 36 42 52 57 56 68 73 76 86 96 98 104 112 118 131 140 147 151 164 175 185 195 206 212 224 237 253 262 269 255 265 275 291 303 319 331 342 332 338 354 365 380 392 400 396 414 427 450 470 437 460 480 488 510 532 489 491 504 513 445 471 462 476 480 362 375 344 362 362 352 268 283 290 292 230 189 97 28 
8134
2890
7 6 4 6 2 9 4 9 12 7 14 8 13 17 10 18 15 14 24 27 33 44 52 59 70 76 76 89 95 99 110 121 124 131 140 147 161 171 147 151 164 175 185 195 206 212 224 237 253 262 269 255 265 275 291 303 319 331 342 332 338 354 365 380 392 400 396 414 427 450 470 437 460 480 488 510 532 489 491 504 513 445 471 462 476 480 362 375 344 362 362 352 268 283 290 292 230 189 97 28 
7 6 4 6 2 9 4 9 12 7 14 8 13 17 10 18 15 14 24 27 33 44 52 59 70 76 76 89 95 99 110 121 124 131 140 147 161 171 147 151 164 175 185 195 206 212 224 237 253 262 269 255 265 275 291 303 320 333 345 336 343 360 372 388 401 410 407 426 440 464 485 453 477 498 507 530 553 511 514 528 538 471 498 490 505 510 393 407 344 362 362 352 268 283 290 292 230 189 97 28 
7 6 4 6 2 9 4 9 12 7 15 10 16 21 15 24 22 22 33 37 44 56 65 73 85 92 93 89 95 99 110 121 124 131 140 147 161 171 147 151 164 175 185 195 206 212 224 237 253 262 269 255 265 275 291 303 320 333 345 336 343 360 372 388 401 410 407 426 440 464 485 453 477 498 507 530 553 511 514 528 538 471 498 490 505 510 393 407 344 362 362 352 268 283 290 292 230 189 97 28 
7 6 4 6 2 9 4 9 12 7 15 10 16 21 15 24 22 22 33 37 44 56 65 73 85 92 93 89 95 99 110 121 124 131 140 147 161 171 147 151 164 176 187 198 210 217 230 244 261 271 279 266 277 288 305 318 336 350 363 355 363 381 394 411 425 435 433 453 468 493 515 484 477 498 507 530 553 511 514 528 538 471 498 490 505 510 393 407 344 362 362 352 268 283 290 292 230 189 97 28 
15012
9466
5630
7 6 4 6 2 9 4 9 12 7 15 10 16 21 15 24 22 22 33 37 44 56 65 73 85 92 93 89 95 99 110 121 124 131 140 147 161 171 147 151 164 176 187 198 210 217 230 244 261 271 279 267 279 291 309 323 342 357 371 364 373 392 406 424 439 450 449 470 486 512 535 505 499 521 531 555 579 538 542 557 568 502 530 523 539 545 429 444 382 362 362 352 268 283 290 292 230 189 97 28 
